 Experiment time: 0:05:28.118614 

 RSSI: [-63, -69, -62, -64, -61, -60, -56, -63, -68, -71, -69, -73, -70, -70, -61, -62, -59, -62, -72, -73, -59, -61, -72, -61, -74, -71, -71, -72, -68, -73, -63, -62, -61, -67, -72, -71, -61
, -60, -68, -61, -63, -63, -75, -66, -59, -75, -59, -62, -75, -66, -69, -75, -62, -59, -75, -74, -63, -65, -70, -71, -78, -71, -70, -68, -71, -69, -62, -67, -70, -79, -71, -68, -72, -60, -72,
 -72, -71, -59, -79, -67, -66, -59, -61, -59, -70, -62, -59, -80, -61, -59, -59, -62, -67, -62, -79, -79, -70, -71, -61, -62, -69, -62, -71, -70, -70, -61, -68, -61, -73, -69, -61, -63, -70, 
-62, -62, -68, -62, -63, -61, -61, -67, -70, -69, -71, -71, -67, -59, -57, -73, -70, -68, -65, -67, -67, -65, -63, -64, -72, -64, -68, -65, -68, -64, -68, -70, -72, -73, -61, -69, -67, -62, -
68, -63, -75, -65, -61, -62, -73, -64, -59, -71, -67, -75, -72, -70, -76, -76, -62, -60, -74, -69, -75, -62, -69, -68, -64, -62, -76, -76, -68, -63, -68, -62, -63, -62, -68, -60, -62, -69, -6
2, -62, -60, -62, -62, -63, -60, -64, -60, -63, -61, -62, -75, -77, -62, -71, -69, -71, -59, -54, -68, -57, -64, -66, -57, -63, -69, -55, -64, -64, -65, -64, -61, -67, -71, -58, -57, -64, -58
, -60, -60, -60, -62, -69, -63, -59, -65, -62, -63, -71, -66, -74, -56, -60, -65, -59, -68, -57, -57, -56, -65, -68, -63, -67, -64, -68, -59, -58, -61, -66, -59, -59, -67, -59, -66, -66, -60,
 -58, -66, -60, -57, -64, -64, -62, -66, -60, -59, -60, -64, -57, -58, -69, -65, -65, -62, -62, -65, -65, -57, -56, -59, -58, -63, -56, -62, -69, -69, -56, -66, -58, -68]

 Dados Coletados:  300